-163.71289567772871 -78.595667413241543
-163.105800951163786 -78.223338718578589
-161.245113491846439 -78.380176690584435
-160.24620805564453 -78.693645928866943
-159.482404548154477 -79.046337579258974
-159.208183560197654 -79.497007745276406
-161.127601284814716 -79.634208673011329
-162.439846768218416 -79.281465346186991
-163.027407803377002 -78.928773695794959
-163.06660437727038 -78.869965915846805
-163.71289567772871 -78.595667413241543

-6.197884894220991 53.867565009163364
-6.032985398777611 53.153190009160497
-6.788856573910849 52.260117906292336
-8.561616583683559 51.669301255899356
-9.977085740590269 51.820454820353078
-9.166282517930782 52.864628811242682
-9.688524542672454 53.881362616585299
-8.327987433292009 54.664518947968631
-7.572167934591064 55.131622219454869
-6.733847011736145 55.172860012423783
-5.661948614921968 54.554603176483809
-6.197884894220991 53.867565009163364

141.000210402591847 -2.60015105551566
142.735246616791471 -3.28915292726321
144.583970982033236 -3.861417738463416
145.273127883077677 -4.373737888205049
145.829786411725706 -4.876497897972683
145.981921828393013 -5.465609226100043
147.648073358347574 -6.083659356310847
147.891107619416232 -6.614014580922343
146.970905389594861 -6.721656589386313
147.191873814074938 -7.388024183790023
148.084635858349316 -8.044108168167647
148.734105259393573 -9.104663588093764
149.306835158484432 -9.071435642130091
149.266630894161324 -9.514406019736029
150.038728469034254 -9.684318129111709
149.738798456012205 -9.872937106977048
150.801627638959133 -10.293686618697478
150.690574985963906 -10.582712904505925
150.028393182575826 -10.652476088099952
149.782310012001972 -10.393267103723923
148.923137648717272 -10.280922539921384
147.913018426707993 -10.13044076908745
147.135443150012179 -9.492443536011983
146.567880894150562 -8.942554619994155
146.048481073184917 -8.067414239131281
144.744167922138047 -7.630128269077446
143.897087844009661 -7.915330498896296
143.286375767184325 -8.245491224809079
143.413913202080664 -8.983068942910982
142.628431431244167 -9.326820570516524
142.068258905200253 -9.159595635620022
141.033851760013818 -9.117892754760483
140.143415155192542 -8.29716765710095
139.127766554928087 -8.096042982620979
138.881476678625006 -8.380935153846075
137.614473911692869 -8.41168263105974
138.039099155835174 -7.597882175327321
138.668621454014783 -7.320224704623087
138.407913853102286 -6.232849216337485
137.927839797110778 -5.393365573756
135.989250116113453 -4.54654387778907
135.164597609599753 -4.462931410340822
133.662880487197867 -3.538853448097541
133.367704705946721 -4.024818617370315
132.983955519747269 -4.112978610860253
132.756940952689035 -3.746282647317123
132.753788690319254 -3.31178720460705
131.989804315316178 -2.820551039240499
133.066844517143409 -2.460417982598436
133.780030959203543 -2.479848321140182
133.69621178602614 -2.214541517753702
132.232373488494261 -2.212526136894319
131.836221958544741 -1.617161960459647
130.942839797082854 -1.432522067880783
130.519558140180095 -0.937720228686089
131.867537876513609 -0.695461114101789
132.380116408416711 -0.369537855636949
133.985548130428356 -0.780210463060456
134.143367954647715 -1.151867364103623
134.422627394753022 -2.769184665542376
135.457602980694674 -3.367701104346857
136.293314243718839 -2.307042331556154
137.440737746327557 -1.703513278819365
138.329727411044701 -1.702634779470401
139.184920689042883 -2.051295668143673
139.926684198160444 -2.408999932468021
141.000210402591847 -2.60015105551566

114.204016554828371 4.525873928236805
114.599961379048722 4.900011298029966
115.450710483869813 5.447729803891534
116.220741001451017 6.143191229675566
116.72510298061971 6.924771429873999
117.129626092600475 6.92805288332454
117.643393182446275 6.422166449403249
117.689075148592309 5.987490139180154
118.34769127815224 5.708695786965492
119.181903924639968 5.407835598162207
119.11069380094176 5.016128241389808
118.439727004064082 4.966518866389606
118.618320754064797 4.478202419447555
117.882034946770176 4.137551377779516
117.313232456533498 3.234428208830593
118.048329705885394 2.287690131027333
117.875627069165972 1.827640692548925
118.996747267738158 0.902219143066063
117.811858351717802 0.784241848143708
117.478338657706033 0.102474676917026
117.521643507966644 -0.803723239753268
116.560048455879468 -1.487609144703917
116.5337968282752 -2.483517347832901
116.148083937648664 -4.012726332214022
116.00085778204911 -3.657037448749058
114.864803094544556 -4.106984144714396
114.468651564595064 -3.495703627133828
113.75567182826407 -3.43916961020652
113.256994256647516 -3.118775729996905
112.068126255340673 -3.478392022316051
111.703290643360049 -2.994442233902654
111.048240187628238 -3.049425957861211
110.223846063276 -2.934032484553455
110.070935500124335 -1.592874037282463
109.571947869913998 -1.314906507984475
109.091873813922504 -0.459506524257094
108.952657505328204 0.415375474444318
109.069136183714079 1.341933905437614
109.663260125773746 2.006492824711103
110.396135288537096 1.663774725751395
111.168852980597478 1.850636704918813
111.370081007942048 2.697303371588859
111.796928338672899 2.885896511238059
112.995614862115218 3.102394924324855
113.712935418758676 3.893509426281156
114.204016554828371 4.525873928236805

-93.612755906940464 74.97999726022438
-94.156908738973911 74.592346503386878
-95.608680589565637 74.666863918751758
-96.820932176484547 74.927623196096576
-96.28858740922982 75.377828274223376
-94.85081987178917 75.647217515760886
-93.977746548217965 75.296489569795952
-93.612755906940464 74.97999726022438

-93.840003017943985 77.519997260234547
-94.295608283245286 77.491342678528682
-96.169654100310069 77.555111395976851
-96.436304490936138 77.83462921824362
-94.422577277386409 77.820004787905006
-93.720656297565895 77.634331366680314
-93.840003017943985 77.519997260234547

-96.754398769908761 78.765812689927017
-95.559277920294605 78.418314520980331
-95.830294969449341 78.056941229963243
-97.309842902397989 77.850597235821809
-98.124289313534035 78.08285696075761
-98.552867804746683 78.458105373845072
-98.631984422585532 78.871930243638374
-97.337231411512661 78.831984361476756
-96.754398769908761 78.765812689927017

-88.150350307960281 74.392307033985034
-89.764722052758401 74.515555325001159
-92.422440965529461 74.837757880340988
-92.768285488642817 75.386819973442144
-92.889905972041745 75.882655341282671
-93.893824022175991 76.319243679500559
-95.962457445035795 76.441380927222397
-97.121378953829506 76.751077785947601
-96.74512285031237 77.161388658345075
-94.684085862999439 77.097878323058367
-93.573921068073133 76.776295884906048
-91.6050231595366 76.778517971494594
-90.741845872749295 76.449597479956807
-90.969661424508018 76.074013170059473
-89.822237921899259 75.847773749485654
-89.187082892599847 75.610165513807615
-87.838276333349654 75.566188869927245
-86.379192267588635 75.482421373182106
-84.789625210290581 75.699204006646525
-82.753444586910064 75.784315090631239
-81.12853084992436 75.713983466281988
-80.057510952459154 75.336848863415909
-79.833932868148366 74.923127346487163
-80.457770758775865 74.657303778777774
-81.948842536125568 74.442459011524321
-83.228893602211429 74.564027818490942
-86.097452358733321 74.410032050261165
-88.150350307960281 74.392307033985034

-111.264443325630879 78.152981879377691
-109.854451870547109 77.996324774884883
-110.186938035913016 77.697014879050343
-112.051191169058498 77.4092288276169
-113.534278937619121 77.732206529441115
-112.724586758253906 78.051050116681964
-111.264443325630879 78.152981879377691

-110.963660651476019 78.804440823065207
-109.6631457182026 78.601972561345647
-110.881314256618921 78.406945705876112
-112.542091437615156 78.407901719873493
-112.525890876091637 78.550554511215225
-111.500010342233395 78.849993598130496
-110.963660651476019 78.804440823065207

-66.282434455008215 18.514761664295364
-65.7713028632093 18.426679185453878
-65.591003790942949 18.228034979723915
-65.847163865813769 17.975905666571862
-66.599934455009489 17.981822618069273
-67.184162360285271 17.946553453030077
-67.242427537694354 18.374485988839083
-67.10067908391774 18.520601101144351
-66.282434455008215 18.514761664295364

-77.569600796199211 18.490525417550487
-76.896618618462128 18.400866807524082
-76.365359056285541 18.160700588447597
-76.199658576141644 17.886867173732966
-76.9025614081757 17.868237819891746
-77.206341315403478 17.701116237859821
-77.766022915340614 17.861597398342241
-78.33771928578561 18.225967922432233
-78.217726610003879 18.454532782459196
-77.797364671525628 18.524218451404778
-77.569600796199211 18.490525417550487

-82.268151211257063 23.188610744717707
-81.404457160146833 23.117271429938782
-80.618768683581195 23.106005967699151
-79.67952368846025 22.76530324959883
-79.281485968732085 22.399201565027056
-78.347434455056487 22.512166246017088
-77.993295864560281 22.277193508385935
-77.146422492161051 21.657851467367834
-76.523824835908556 21.206819566324373
-76.19462012399319 21.220565497314013
-75.59822241891267 21.016624457274133
-75.671060350228061 20.735091254148003
-74.933896043584497 20.693905137611385
-74.17802486845126 20.284653632075887
-74.296648118777256 20.050378526280682
-74.961594611292938 19.923435370355691
-75.634680141894592 19.873774318923196
-76.323656175425995 19.95289093676206
-77.755480923153073 19.855480861891877
-77.085108405246743 20.413353786698792
-77.492654588516615 20.673105373613893
-78.137292243141587 20.739948838783434
-78.482826707661189 21.028613389565852
-78.719866502584011 21.598113511638434
-79.284999966127941 21.559175319906501
-80.217475348618649 21.827324327069036
-80.517534552721415 22.03707896574176
-81.820943366203181 22.192056586185071
-82.16999182811864 22.387109279870753
-81.795001797192668 22.636964830001958
-82.775897996740852 22.688150336187064
-83.494458787759356 22.168517971276131
-83.908800421875625 22.154565334557333
-84.052150845053262 21.910575059491254
-84.54703019889638 21.801227728761646
-84.974911058273108 21.89602814380109
-84.447062140627764 22.204949856041907
-84.230357021811784 22.565754706303764
-83.778239915690193 22.788118394455694
-83.26754757356575 22.983041897060644
-82.510436164057509 23.078746649665188
-82.268151211257063 23.188610744717707

-55.600218268442056 51.317074693397942
-56.134035814017089 50.687009792679277
-56.795881720595276 49.812308661490889
-56.143105027884332 50.150117499382858
-55.471492275602998 49.935815334668462
-55.822401089080962 49.58712860777905
-54.935142584845636 49.313010972686797
-54.473775397343786 49.556691189159125
-53.476549445191367 49.249138902374042
-53.786013759971254 48.516780503933624
-53.086133999226263 48.687803656603577
-52.958648240762216 48.157164211614472
-52.648098720904208 47.535548407575519
-53.069158291218386 46.655498765644921
-53.521456264853001 46.618291734394766
-54.178935512902513 46.807065741556983
-53.961868659060499 47.62520701760193
-54.240482143762137 47.752279364607645
-55.400773078011568 46.884993801453135
-55.997480841685828 46.919720363953275
-55.291219041552793 47.389562486350989
-56.250798712780586 47.632545070987376
-57.325229254777078 47.572807115257973
-59.266015184146823 47.603347886742469
-59.419494188053676 47.899453843774886
-58.796586473207441 48.251525376979423
-59.23162451845657 48.523188381537807
-58.391804979065199 49.125580552764177
-57.35868974468606 50.718274034215867
-56.738650071832026 51.287438259478549
-55.870976935435323 51.632094224649208
-55.406974249886588 51.588272610065701
-55.600218268442056 51.317074693397942

-83.882626308919768 65.109617824963536
-82.787576870438826 64.766693020274673
-81.642013719392594 64.45513580998697
-81.553440314444316 63.979609280037138
-80.817361212878865 64.057485663500998
-80.103451300766636 63.725981350348619
-80.991019863595724 63.41124603947496
-82.547178107417039 63.651722317145207
-83.108797573565113 64.101875718839707
-84.100416632813875 63.569711819098004
-85.523404710619047 63.052379055424055
-85.866768764982396 63.637252916103492
-87.221983201836778 63.54123810490519
-86.35275977247133 64.035833238370699
-86.224886440765104 64.822916978608234
-85.883847825854858 65.738778388117098
-85.161307949549894 65.657284654392797
-84.975763719405919 65.217518215588981
-84.464012010419495 65.37177236598022
-83.882626308919768 65.109617824963536

-78.770638597310779 72.352199001750321
-77.824623989559598 72.749616604290978
-75.605844692675731 72.243678493937395
-74.228616095665004 71.767144273557889
-74.099140794557712 71.330840155717581
-72.242225714797684 71.556924546994523
-71.200015428335178 70.920012518997183
-68.786054246684898 70.52502370877427
-67.914970465756937 70.12194753689765
-66.969033372654195 69.186087348091817
-68.805122850200604 68.720198472764437
-66.449866095633894 68.067163397892031
-64.862314419195243 67.847538560651586
-63.424934454996794 66.928473212340592
-61.851981370680605 66.862120673277829
-62.16317684594226 66.160251369889622
-63.918444383384184 64.998668524832894
-65.148860236253682 65.426032619886669
-66.721219041598516 66.388041083432185
-68.015016038674005 66.262725735124391
-68.141287400979195 65.689789130304391
-67.089646165623421 65.108455105236956
-65.732080451099762 64.648405666758563
-65.320167609301251 64.382737128346051
-64.669406297449683 63.392926744227495
-65.01380388045888 62.674185085695981
-66.275044725190483 62.945098781986118
-68.783186204692697 63.745670071051833
-67.369680752213085 62.883965562584841
-66.328297288667258 62.280074774822012
-66.165568203380147 61.930897121825822
-68.877366502544646 62.330149237712824
-71.023437059193853 62.910708116295879
-72.235378587519023 63.397836005295218
-71.886278449171272 63.679989325608872
-73.378306240518384 64.193963121183842
-74.834418911422631 64.679101467539951
-74.818502570276735 64.389093329517934
-77.709979824520076 64.229542344816778
-78.555948859354203 64.572906399180127
-77.897281053361979 65.309192206474748
-76.018274298797166 65.326968899183143
-73.959795294882682 65.454764716240945
-74.29388342964964 65.81177134872938
-73.94491248238262 66.310578111426665
-72.651167161739423 67.284575507263909
-72.926059943316048 67.726925767682346
-73.311617804645721 68.069437160912869
-74.843307257776843 68.554627183701271
-76.869100918266724 68.894735622830254
-76.228649054657382 69.147769273547411
-77.287369961237147 69.769540106883213
-78.168633999326602 69.826487535268868
-78.957242194316734 70.16688019477543
-79.492455003563663 69.871807766388841
-81.30547095409176 69.74318512641436
-84.944706183598512 69.966634019644417
-87.060003424817893 70.260001125765385
-88.681713223001481 70.410741278760796
-89.513419562523026 70.762089341913239
-88.467721116880824 71.218185533321318
-89.88815121128755 71.222552191849971
-90.205160285182046 72.235074367960792
-89.436576707705001 73.12946421985238
-88.408241543312869 73.537888902471209
-85.826151089200977 73.803815823045184
-86.562178514334121 73.157447007938444
-85.774371304044536 72.534125881633869
-84.850112474288224 73.340278225387081
-82.315590176101011 73.750950832810602
-80.600087653307682 72.716543687624167
-80.748941616524434 72.061906643350724
-78.770638597310779 72.352199001750321

-94.503657599652371 74.134906724739224
-92.420012173211731 74.100025132942207
-90.509792853542635 73.856732489712059
-92.003965216829869 72.966244208458519
-93.196295539100262 72.771992499473342
-94.269046597047264 72.024596259235992
-95.409855516322665 72.061880805134578
-96.033745083382442 72.940276801231832
-96.018267991911017 73.437429918095816
-95.495793423224043 73.862416897264168
-94.503657599652371 74.134906724739224

-100.438359951564109 72.705898342572041
-101.54 73.36
-100.356426968165351 73.843865058071387
-99.163864101949656 73.633386949346587
-97.38 73.76
-97.12 73.47
-98.053595954158752 72.990532131635675
-96.54 72.56
-96.72 71.66
-98.359649624407368 71.272859198686106
-99.322846645895595 71.356394151485929
-100.014819912499945 71.738257147906708
-102.48 72.482921284975077
-102.48 72.83
-100.438359951564109 72.705898342572041

-107.819433966893129 75.845525824680962
-106.92891984742343 76.012828274225896
-105.880999315192668 75.969394232884596
-105.704989386806545 75.479527492973759
-106.313479377043365 75.005267035615091
-109.699991014426701 74.850005194794178
-112.223066982861269 74.416956692188265
-113.743801032346525 74.394270738412146
-113.871338467242865 74.720297349741557
-111.794204271271013 75.162492580863116
-116.312197231901067 75.043430080862649
-117.710406460422277 75.222230536592534
-116.346019456836089 76.199018459773512
-115.404862433720353 76.478872178850153
-112.590563931104924 76.141347561335792
-110.814212409287933 75.549187323703208
-109.067109748148127 75.473222968234168
-110.497255011825715 76.429805406389036
-109.581109381939228 76.794175930479028
-108.54859 76.67832
-108.21141 76.20168
-107.819433966893129 75.845525824680962

-122.854924486159021 76.116542873835684
-121.157534552883988 76.864533393044425
-119.103938971821094 77.512219957174622
-117.570130784965997 77.498318996888102
-116.198586595507379 77.645286770326194
-116.335813361458449 76.876961575010611
-117.106050584768823 76.530031846819114
-118.04041215703819 76.481171780087138
-119.899316779441449 76.053239244278146
-121.499994269682233 75.900018622532755
-122.854924486159021 76.116542873835684

-121.537873094552182 74.448944403776935
-120.109769049950103 74.241360175260482
-117.555635545708128 74.18575633411443
-116.58442867721466 73.896058254686196
-115.510799119918701 73.475205390101181
-116.767931688283085 73.222921047652235
-119.22 72.52
-120.46 71.82
-120.46 71.383601793087607
-123.092196825027145 70.901641547317425
-123.62 71.34
-125.928948737473391 71.868688463011395
-125.5 72.292260811794975
-124.80729 73.02256
-123.94 73.68
-124.917744310386013 74.292726548958612
-121.537873094552182 74.448944403776935

-166.467792121424623 60.384169826897754
-165.674429694663644 60.293606879306253
-165.579164191733582 59.909986884187532
-166.192770148767266 59.75444082298899
-166.848337368821973 59.941406155020985
-167.455277066090076 60.213069159579362
-166.467792121424623 60.384169826897754

-153.22872941792113 57.96902008730477
-152.564790615835136 57.901427313866996
-152.141147223906387 57.591058661521998
-153.006314053336922 57.115842190165928
-154.0050902984581 56.734676825581076
-154.516402757770038 56.992748928446687
-154.670992804971178 57.461195787172528
-153.762779507441508 57.81657461204373
-153.22872941792113 57.96902008730477

-132.710007697461464 54.040009263721338
-131.749988776559178 54.120004380909151
-132.049479539906741 52.984621487024413
-131.179041714382407 52.180432847698263
-131.577828742378813 52.182370713909222
-132.180427619334324 52.639707139692291
-132.549991624869676 53.10001496033216
-133.054611986199802 53.411468817755278
-133.239665290237014 53.851080227262237
-133.180004849156035 54.1699754909354
-132.710007697461464 54.040009263721338

-125.415000780114568 49.950000515332576
-124.920767381675091 49.475274970083291
-123.922507900876823 49.062483628935794
-123.510000780106935 48.510010891303381
-124.012889980955308 48.370846259141373
-125.655011969894161 48.825004584338501
-125.954993659348489 49.179995835967517
-126.850003628427601 49.530000311880386
-127.029992642100169 49.814995835970066
-128.059335496922017 49.994959011426516
-128.444583299657921 50.539137681676074
-128.358412848811241 50.770648098343671
-127.308580288585674 50.552573554071977
-126.695000169768122 50.400903225295323
-125.755005866378951 50.295018215529275
-125.415000780114568 49.950000515332576

-171.731656867539442 63.782515367275934
-171.114433560245288 63.592191067144952
-170.491112433940714 63.694975490973505
-169.682505459653612 63.431115627691192
-168.68943946030069 63.297506212000556
-168.771940884454665 63.188598130945437
-169.529439867205099 62.976931464277918
-170.290556200215946 63.194437567794424
-170.671385667990933 63.375821845138901
-171.553063117538727 63.317789211675105
-171.791110602891223 63.405845852300459
-171.731656867539442 63.782515367275934

-105.492289191493199 79.301593939929163
-103.529282396237946 79.165349026191635
-100.8251580472688 78.800461737778718
-100.060191820052196 78.324780178532038
-99.670939093813644 77.907544664207435
-101.303940192453013 78.018984890444855
-102.949808722733025 78.343228664860234
-105.176132778731514 78.380332343245797
-104.210429450277132 78.677420152491763
-105.419580451258525 78.918335679836488
-105.492289191493199 79.301593939929163

32.946960890440806 35.386703396133697
33.667227003724946 35.373215847305516
34.576473829900465 35.671595567358793
33.900804477684204 35.245781765273762
34.004880812320039 34.978097846001859
32.979827101378447 34.571869411755443
32.490296258277539 34.701654771456475
32.25666710788596 35.103232326796629
32.80247358575275 35.145503648411378
32.946960890440806 35.386703396133697

26.290002882601698 35.299990342747932
26.164997592887659 35.004995429009767
24.724982130642303 34.919987697889638
24.735007358506916 35.084990546197588
23.514978468528081 35.279991563450977
23.699980096133004 35.70500438083549
24.246665073348705 35.368022365860185
25.025015496528908 35.424995632461972
25.769207797964185 35.35401805270908
25.745023227651586 35.179997666966202
26.290002882601698 35.299990342747932

49.543518914595751 -12.469832858940554
49.808980747279094 -12.895284925999555
50.056510857957164 -13.555761407121985
50.217431268114069 -14.758788750876796
50.476536899625529 -15.226512139550543
50.377111443895956 -15.706069431219127
50.200274692593183 -16.000263360256767
49.860605503138679 -15.414252618066918
49.672606642460863 -15.710151869370186
49.863344354050156 -16.451036879138776
49.774564243372708 -16.875042006093601
49.498612094934117 -17.106035658438273
49.435618523970305 -17.953064060134366
49.041792433473944 -19.118781019774445
48.548540887248009 -20.496888116134127
47.930749139198667 -22.391501153251085
47.547723423051309 -23.781958916928517
47.095761346226595 -24.941629733990453
46.282477654817086 -25.178462823184105
45.409507684110451 -25.601434421493089
44.833573846217554 -25.34610116953894
44.039720493349762 -24.988345228782308
43.763768344911171 -24.460677178649991
43.697777540874455 -23.574116306250602
43.345654331237625 -22.776903985283873
43.254187046081 -22.057413018484123
43.43329756040464 -21.336475111580189
43.893682895692926 -21.163307386970128
43.896370070172104 -20.830459486578174
44.374325392439658 -20.072366224856388
44.464397413924388 -19.435454196859048
44.232421909366167 -18.961994724200906
44.042976108584156 -18.331387220943171
43.963084344260913 -17.409944756746782
44.31246870298628 -16.85044402432267
44.446517368351401 -16.216219170804507
44.944936557806528 -16.179373874580399
45.502731967964991 -15.974373467678539
45.872993605336262 -15.793454278224687
46.31224327981721 -15.780018405828798
46.882182651564285 -15.210182386946315
47.705129835812357 -14.594302666891764
48.005214878131255 -14.091232598530375
47.868995802609874 -13.663868503476586
48.293827752481377 -13.784067884987486
48.845060255738787 -13.089174899958664
48.863508742066983 -12.487867933810421
49.194651320193316 -12.040505059459676
49.543518914595751 -12.469832858940554

167.2168013857696 -15.89184620530842
167.84487674384502 -16.46633310309717
167.515181105822876 -16.597849623279991
167.180007765977791 -16.159995212470946
167.2168013857696 -15.89184620530842

166.79315799384085 -15.668810723536687
166.649859247095492 -15.392703545801211
166.6291369977464 -14.626497084209605
167.107712437201485 -14.933920179913954
167.270028111030229 -15.740020847234888
167.001207310247935 -15.614602146062516
166.79315799384085 -15.668810723536687

134.210133905168846 -6.89523772545472
134.112775506730941 -6.142467136259
134.290335728085836 -5.783057549669017
134.499625278867882 -5.445042006047871
134.727001580952162 -5.737582289252167
134.724624465066711 -6.214400730009288
134.210133905168846 -6.89523772545472

-48.660616014182523 -78.047018731598726
-48.1513964503784 -78.047070408031018
-46.662856818210983 -77.831476332509325
-45.15475765642109 -78.047070408031018
-43.920827806155742 -78.478103529777528
-43.48994971370611 -79.085559991368498
-43.372437506674387 -79.516644789547314
-43.333266770997142 -80.026122735512899
-44.880536668464266 -80.339643650227686
-46.506173875502029 -80.594356784994332
-48.386420864441831 -80.829484551922334
-50.482106899606457 -81.025441583173134
-52.851988084511788 -80.966685479657286
-54.16425940613162 -80.633527520671578
-53.987991095584036 -80.222028090331378
-51.853134324742157 -79.947729587726116
-50.991326463410587 -79.614623305172699
-50.364594692574755 -79.183486830561606
-49.914131232286493 -78.811209812330944
-49.306958991073117 -78.458569838371204
-48.660616014182523 -78.047018731598726

-66.29003089055513 -80.255772800617976
-64.037687750897675 -80.294891859862929
-61.883245612217181 -80.392870375488314
-61.138975796133479 -79.981370945148129
-60.610119188058441 -79.628679294756097
-59.572094692611586 -80.040178725096283
-59.865849371974733 -80.549656671061854
-60.159655727770193 -81.000326837079285
-62.255393439367111 -80.863177585776654
-64.48812537296979 -80.92193368929253
-65.741666429289907 -80.5888274067391
-65.741666429289907 -80.549656671061854
-66.29003089055513 -80.255772800617976

-73.915818651002297 -71.269344577925779
-73.23033077665059 -71.151780694461763
-72.07471655952358 -71.190951430139009
-71.780961880160419 -70.681473484173424
-71.722179938428411 -70.309144789510484
-71.741791144483187 -69.50578297310102
-71.173815477163203 -69.035475762812681
-70.253251512315771 -68.878741143671419
-69.724446580673032 -69.251018161902081
-69.489422166609586 -69.623346856565021
-69.058518235943808 -70.074017022582453
-68.725541144471123 -70.505153497193561
-68.451345994730431 -70.955823663210978
-68.333833787698723 -71.40649382922841
-68.510127936462439 -71.79840789172998
-68.784297247986984 -72.170684909960627
-69.959470994736478 -72.307885837695551
-71.07588863797011 -72.503842868946336
-72.388134121373781 -72.484205824675428
-71.898499925408288 -72.09234343860615
-73.073621995725489 -72.229492689908781
-74.190039638959121 -72.366693617643705
-74.953894822881452 -72.072758070767534
-75.012625088181167 -71.661258640427349
-73.915818651002297 -71.269344577925779

-102.330725063876386 -71.894164320766819
-101.703967454824408 -71.71779265735465
-100.430918545314086 -71.854993585089574
-98.981549648823915 -71.933335056444065
-97.884743211645059 -72.070535984178989
-96.787936774466189 -71.952972100714973
-96.200349901091442 -72.521206150196406
-96.983764614636229 -72.442864678841929
-98.198083258846822 -72.482035414519174
-99.432013109112177 -72.442864678841929
-100.783455166409254 -72.50162078235779
-101.801868455801369 -72.305663751107005
-102.330725063876386 -71.894164320766819

-122.621734585441928 -73.65777760202387
-122.406243862784819 -73.324619643038162
-121.211510586412857 -73.500991306450331
-119.918850470847786 -73.657725925591578
-118.724143032691956 -73.481354262179423
-119.29211870001194 -73.834097589003747
-120.23221635626571 -74.088810723770393
-121.622829149240019 -74.010469252415916
-122.621734585441928 -73.65777760202387

-127.283129645681925 -73.461768894340793
-126.558471035652985 -73.246226495251392
-125.559565599451076 -73.481354262179423
-124.03188106982256 -73.873268324680993
-124.619467943197321 -73.834097589003747
-125.91217973519467 -73.736119073378347
-127.283129645681925 -73.461768894340793

165.779989862326374 -21.080004978115628
166.599991489933842 -21.700018812753527
167.120011428086912 -22.159990736583492
166.740034621444806 -22.39997608814695
166.18973229396866 -22.129708347260454
165.474375441752215 -21.679606621998232
164.829815301775682 -21.149819838141951
164.167995233413649 -20.444746595951628
164.029605747736014 -20.105645847252354
164.459967075862721 -20.120011895429499
165.02003624904205 -20.45999114347773
165.46000939357512 -20.80002206795826
165.779989862326374 -21.080004978115628

152.640016717742526 -3.659983005389691
153.019993524384688 -3.980015150573265
153.14003787659874 -4.499983412294092
152.827292108368283 -4.766427097190991
152.63867313050298 -4.176127211120921
152.406025832324929 -3.789742526874583
151.953236932583536 -3.462062269711816
151.384279413050024 -3.035421644710112
150.662049595338829 -2.741486097833935
150.939965448204475 -2.500002129734007
151.479984165654571 -2.779985039891379
151.820015090135087 -2.999971612157886
152.239989455371131 -3.24000864015364
152.640016717742526 -3.659983005389691

151.301390415653884 -5.840728448106752
150.754447056276661 -6.083711032743138
150.241196730753813 -6.317753594593028
149.709963006793316 -6.316513360218025
148.890064732050462 -6.026040134305404
148.318936802360668 -5.747142429226166
148.401825799756864 -5.437755629094717
149.298411900020824 -5.58374155031926
149.845561965127217 -5.505503431829368
149.996250441690279 -5.026101169457654
150.139755894164864 -5.001348158389852
150.236907586873542 -5.532220147324267
150.80746707580812 -5.455842380396874
151.089672072554038 -5.113692722192383
151.647880894170896 -4.757073662946162
151.537861769821461 -4.167807305521933
152.136791620084296 -4.14879037843852
152.338743117480931 -4.312966403829805
152.318692661751697 -4.867661228050771
151.982795851854519 -5.478063246282382
151.459106887008659 -5.560280450058754
151.301390415653884 -5.840728448106752

162.119024693040899 -10.482719008021149
162.398645868172196 -10.826367282762106
161.700032180018354 -10.820011081590211
161.319796991214758 -10.204751478723168
161.917383254238018 -10.446648858281423
162.119024693040899 -10.482719008021149

161.679981724289121 -9.599982191611367
161.529396600590587 -9.784312025596485
160.788253208660535 -8.917543226764892
160.579997186524338 -8.32000864017396
160.920028111004854 -8.32000864017396
161.280006138349989 -9.120011488484451
161.679981724289121 -9.599982191611367

160.852228631837875 -9.872937106977048
160.4625883323572 -9.895209649294841
159.849447463214119 -9.794027194867354
159.640002883135139 -9.639979750205278
159.70294477766663 -9.242949720906815
160.362956170898428 -9.400304457235571
160.688517694337236 -9.610162448772869
160.852228631837875 -9.872937106977048

159.640002883135139 -8.020026950719632
159.875027297198585 -8.337320244991737
159.917401971677918 -8.538289890174831
159.133677199539363 -8.114181410355428
158.586113722974687 -7.754823500197737
158.211149530264834 -7.421872246941199
158.359977655265425 -7.320017998893917
158.8200012555277 -7.560003350457379
159.640002883135139 -8.020026950719632

157.140000441718882 -7.021638278840641
157.538425734689213 -7.347819919466943
157.339419793933246 -7.404767347852592
156.902030471014825 -7.176874281445428
156.491357863591304 -6.765943291860452
156.542827590153991 -6.599338474151452
157.140000441718882 -7.021638278840641

154.759990676084385 -5.339983819198495
155.062917922179338 -5.56679168052753
155.547746209941693 -6.200654799019645
156.019965448224809 -6.540013929880381
155.880025669578401 -6.819996840037753
155.599991082988765 -6.919990736522522
155.166994256815144 -6.535931491729322
154.729191522438384 -5.900776462429902
154.514114211239644 -5.139117526879986
154.652503696917279 -5.042379245629597
154.759990676084385 -5.339983819198495

176.8858236026052 -40.065977878582203
176.508017206119263 -40.60475636165728
176.012440220440226 -41.289624118821472
175.239567499082966 -41.688307793953278
175.067898391009351 -41.425894870775132
174.650972935278475 -41.281820977545401
175.227630243223558 -40.459235528323362
174.900156691789903 -39.908881524414909
173.824046665743936 -39.508854262043513
173.852261997775315 -39.146602471677483
174.57480187408035 -38.797683200842755
174.743473749080977 -38.027807712558428
174.696964960018278 -37.381128838857919
174.292028436579187 -36.71109221776149
174.31900353423552 -36.534823907213912
173.840996535535709 -36.121980889634131
173.054171177459608 -35.237125339500388
172.636005487353771 -34.529106540669432
173.007042271209457 -34.450661716450369
173.551298456107475 -35.006183363588008
174.329390497126212 -35.265495700828623
174.612008905330441 -36.156345717108231
175.336615838927116 -37.20909799575827
175.357596470437613 -36.52619394302117
175.808886753642525 -36.798942152657673
175.958490025127503 -37.55538176854612
176.763195428776555 -37.881253350578675
177.438813104560495 -37.961248467766495
178.010354445708657 -37.579824721020174
178.517093540762744 -37.695373223624799
178.274731073313831 -38.582812595373142
177.970460239979275 -39.166342868812976
177.206992629299179 -39.145775648760818
176.939980503647064 -39.449736423501612
177.032946405340113 -39.879942722331464
176.8858236026052 -40.065977878582203

169.667814569373149 -43.555325616226376
170.524919875366152 -43.031688327812816
171.125089960004004 -42.512753594737823
171.569713983443251 -41.767424411792135
171.948708937871857 -41.514416599291124
172.097227004278693 -40.956104424809716
172.798579543344033 -40.493962090823501
173.02037479074076 -40.919052422856446
173.247234328502088 -41.331998793300812
173.95840538970279 -40.926700534835646
174.247586704808157 -41.349155368821712
174.24851688058942 -41.770008233406728
173.876446568087943 -42.233184096038791
173.222739699595706 -42.970038344088614
172.711246372770745 -43.372287693048555
173.080112746470149 -43.853343601253606
172.308583612352493 -43.86569426857136
171.452925246463622 -44.242467136411406
171.185137974327176 -44.897104180684863
170.616697219116531 -45.908928724959736
169.831422154009289 -46.355774834987571
169.332331170934282 -46.641235446967876
168.411353794628553 -46.619944756863632
167.763744745146823 -46.290197442409188
166.676886021184174 -46.219917494492236
166.509144321964669 -45.852704766626189
167.046372512071002 -45.110941257508635
168.303763462596862 -44.123973077166141
168.949408807651565 -43.935819187191434
169.667814569373149 -43.555325616226376

147.689259474884182 -40.808258152022674
148.289067824495987 -40.875437514002108
148.35986453673587 -42.062393487314147
148.017301467073025 -42.407023614268653
147.914051955353841 -43.211522312188535
147.564564243763925 -42.937688897473905
146.870343052354883 -43.634597263362103
146.663327264593647 -43.580853773778557
146.048377720320332 -43.549744561538844
145.431929559510593 -42.693776137056254
145.29509036680173 -42.033609714527564
144.718071323830657 -41.162551771815757
144.743754510679707 -40.70397511165767
145.397978143494811 -40.79254851660594
146.364120721623692 -41.137643731451085
146.908583612250879 -41.000546156580732
147.689259474884182 -40.808258152022674

126.148713820501143 -32.215966078420593
125.088623488465657 -32.72875131605285
124.221647983904916 -32.959486586236068
124.028946567888511 -33.483847344701701
123.659666782730767 -33.890179131812708
122.811036411633637 -33.914467054989885
122.183064406422801 -34.003402194964202
121.299190708502593 -33.821036065406176
120.580268182458056 -33.930176690406611
119.893695103028222 -33.976065362281801
119.298899367348753 -34.509366143533938
119.00734093635802 -34.464149265278543
118.505717808100798 -34.746819349915093
118.024971958489488 -35.0647327613747
117.29550744025741 -35.025458672832869
116.625109084134948 -35.025096937806829
115.564346958479661 -34.386427911111568
115.026808709779573 -34.196517022438933
115.048616164206763 -33.623425388322055
115.545123325667078 -33.487257989232972
115.714673700016704 -33.259571628554973
115.679378696761347 -32.900368747694166
115.801645135563945 -32.205062351207005
115.689610630355162 -31.612437025683807
115.160909051576994 -30.601594333622465
114.997043084779477 -30.03072478609414
115.040037876446291 -29.461043796508527
114.641974318502008 -28.81023080822467
114.616497837382099 -28.516398614213081
114.173579136208474 -28.118076674107321
114.048883905088161 -27.334713636994813
113.477497593236919 -26.543134047147902
113.338953078262421 -26.116545098578484
113.778357782040217 -26.549025160429174
113.440962355606558 -25.621278171493167
113.936901076311671 -25.91123463308287
114.232852004047231 -26.298446140245879
114.216160516416977 -25.786281019801123
113.721255324357699 -24.998938897402141
113.625343866023968 -24.683971042583167
113.393523390762638 -24.384712823180937
113.502043898575593 -23.806350192970285
113.706992629045146 -23.560215345964089
113.843418410295669 -23.059987481378755
113.736551548316086 -22.475475355725379
114.149756300921894 -21.755829359628745
114.225307244932623 -22.517488295178673
114.647762078918703 -21.829519952076954
115.460167270979241 -21.495173435148537
115.947372674627019 -21.068687839443704
116.711615431791529 -20.701681817306824
117.166316359527713 -20.623547051681516
117.441545037914238 -20.746898695562209
118.229558953932994 -20.374208265873222
118.836085239742744 -20.263310642174858
118.987807244951682 -20.044202569257315
119.252493931150667 -19.952941989829867
119.805225050944514 -19.976506442954964
120.856220330896676 -19.683707777589206
121.39985639860717 -19.239755547769725
121.655086297696727 -18.705317885007169
122.241665480641785 -18.197648614171804
122.286623976735711 -17.798603204013958
122.312772251475394 -17.254915459871157
123.012574497571933 -16.405199883695886
123.433789097183038 -17.268558037996215
123.859344517106592 -17.069035332917288
123.503242222183289 -16.596506036040402
123.817073195491844 -16.111316013252001
124.258286574399847 -16.327943617419535
124.379726190285751 -15.56705982835399
124.926152785340037 -15.075100192935359
125.167275018413875 -14.680395603090028
125.670086704613809 -14.510070082256014
125.685796340030549 -14.23065561285385
126.125149367376082 -14.347340996968903
126.142822707219864 -14.095986830301227
126.582589146023736 -13.952791436420448
127.065867140817318 -13.817967624570954
127.804633416861961 -14.27690601975508
128.359689976108939 -14.869169610252243
128.985543247595842 -14.875990899314765
129.621473423379655 -14.969783623924522
129.409600050982931 -14.42066985439107
129.888640578328591 -13.618703301653492
130.339465773642928 -13.357375583553484
130.183506300986039 -13.107520033422276
130.617795037966971 -12.536392103732489
131.223494500859999 -12.183648776908166
131.735091180549546 -12.302452894747184
132.575298293183096 -12.114040622611007
132.557211541880974 -11.603012383676678
131.824698114143644 -11.273781833545151
132.357223748911395 -11.128519382372696
133.019560581596352 -11.376411228076812
133.550845981989085 -11.786515394745116
134.393068475482039 -12.042365411022182
134.678632440326965 -11.941182956594693
135.298491245667947 -12.248606052299046
135.882693312727611 -11.962266940969776
136.258380975489501 -12.049341729381588
136.492475213771684 -11.857208754120398
136.951620314684988 -12.351958916882793
136.685124953355796 -12.887223402562022
136.305406528875096 -13.291229750219884
135.961758254134168 -13.324509372615852
136.077616815332533 -13.724278252825783
135.783836297753226 -14.2239893530882
135.4286641786112 -14.715432224183912
135.500184360903177 -14.997740573794424
136.29517459528131 -15.55026498785913
137.06536014215942 -15.870762220933329
137.580470819244795 -16.215082289294081
138.303217401278971 -16.807604261952704
138.585164015863427 -16.806622409739155
139.108542922115475 -17.062679131745391
139.260574985918197 -17.371600843986208
140.215142043213689 -17.710804945550066
140.875411818606949 -17.369068698803908
141.071110467696258 -16.832047214426758
141.274095493738741 -16.38887013109165
141.398222284103838 -15.840531508042588
141.702183058844639 -15.044921156476901
141.563380161708665 -14.561333103089552
141.635520461188094 -14.270394789286307
141.519868605718898 -13.698078301653808
141.650920038011066 -12.944687595270585
141.842691278246207 -12.741547539931231
141.686990187750837 -12.407614434461145
141.928629185147599 -11.877465915578817
142.118488397387978 -11.328042087451612
142.143706496346397 -11.042736504768186
142.51526004452495 -10.668185723516686
142.797310011973991 -11.157354831591562
142.866763136974271 -11.784706719614903
143.115946893485727 -11.905629571177885
143.158631626558758 -12.325655612846232
143.522123651299808 -12.834358412327433
143.597157830987612 -13.400422051652612
143.561811151299992 -13.763655694232192
143.922099237238911 -14.548310642151996
144.563713820574833 -14.171176039285903
144.894856398701165 -14.594457696188641
145.374723748963504 -14.98497649501833
145.271991001567244 -15.428205254785732
145.485259637635806 -16.28567229580478
145.636981642844717 -16.784918308176572
145.888852573835322 -16.906926364817686
146.16030887266453 -17.761654554925272
146.063673944278719 -18.28007252367734
146.387478469019641 -18.958274021075887
147.471081577747896 -19.480722751546729
148.177601760042421 -19.955939222902799
148.848413527623222 -20.391209812097244
148.717465448195583 -20.633468926681552
149.289420200802056 -21.260510756111135
149.678337030230693 -22.342511895438385
150.077382440388533 -22.122783705333337
150.482939081015161 -22.556142266532994
150.727265252891129 -22.402353204032373
150.899554478152254 -23.462236830338696
151.609175246384268 -24.076256198830741
152.07353966695905 -24.457834974873929
152.855197381805908 -25.267501316023001
153.136162144176808 -26.071173191026215
153.161948683890444 -26.641319268502457
153.092908970348503 -27.260299574494514
153.569469028944184 -28.110066827102081
153.512108189100218 -28.995077406532712
153.339095493786999 -29.458201592732479
153.069241164358857 -30.350240166954794
153.089550002249553 -30.923641859665423
152.891577590139377 -31.640445651985999
152.450002476205327 -32.550002536755265
151.709117466436737 -33.041342054986394
151.343971795862387 -33.816023451473868
151.010555454715188 -34.310360202777929
150.714139439089024 -35.173459974916796
150.32821984273329 -35.671879164371916
150.075212030232308 -36.420205580390537
149.946124302367195 -37.109052422841209
149.997283970336127 -37.42526051203518
149.423882277625523 -37.772681166333442
148.304622430615836 -37.809061374666925
147.38173302631526 -38.219217217767522
146.922122837511324 -38.606532077795116
146.317921991154776 -39.035756524411411
145.489652134380606 -38.593767999019022
144.876976353128157 -38.417448012039152
145.032212355732952 -37.896187839511022
144.485682407814068 -38.085323581699285
143.60997358619602 -38.8094654274053
142.745426873952965 -38.538267510737555
142.178329705981923 -38.380034275059835
141.606581659104677 -38.308514092767879
140.638578729413268 -38.019332777662555
139.992158237874264 -37.402936293285094
139.8065881695141 -36.643602797188308
139.574147577065276 -36.138362318670659
139.082808058834132 -35.732754001611745
138.120747918856352 -35.61229623793939
138.449461704664941 -35.127261244447865
138.207564325106716 -34.384722588845932
137.719170363516184 -35.076825046530999
136.829405552314711 -35.260534763328607
137.352371047108477 -34.7073385556441
137.503886346588274 -34.130267836240748
137.890116001537706 -33.640478610978377
137.810327590079055 -32.900007012668119
136.996837192940404 -33.752771498348615
136.372017450099349 -34.094766127256236
135.989043410384284 -34.890118096660458
135.208212518454047 -34.478670342752565
135.239218377829161 -33.947953383115021
134.613416782774607 -33.222778008763164
134.085903761939164 -32.848072198214787
134.273902622617015 -32.617233575166992
132.990776808809755 -32.011224053680188
132.288080682504869 -31.982646986622782
131.326330601120844 -31.495803318001041
129.535793898639724 -31.590422865527465
128.240937534702255 -31.948488864877852
127.102867466338296 -32.282266941051063
126.148713820501143 -32.215966078420593

81.787959018891399 7.523055324733164
81.637322218760588 6.481775214051922
81.218019647144331 6.197141424988288
80.348356968104412 5.968369859232155
79.872468703128533 6.76346344647493
79.695166863935128 8.200843410673386
80.147800734379643 9.824077663609557
80.838817986986555 9.268426825391188
81.304319289071771 8.56420624433369
81.787959018891399 7.523055324733164

129.370997756060945 -2.802154229344595
130.471344028851775 -3.093764336767634
130.834836053592824 -3.858472181822776
129.990546502808172 -3.446300957862796
129.155248651242346 -3.362636813982248
128.590683628453633 -3.428679294451264
127.898891229362349 -3.393435967628207
128.135879347852836 -2.843650404474971
129.370997756060945 -2.802154229344595

126.874922723498855 -3.790931084817302
126.183802118027359 -3.607376397316564
125.989033644719257 -3.177221774919012
127.000651483264974 -3.129317722184446
127.249215122588907 -3.45906503663889
126.874922723498855 -3.790931084817302

127.932377557487484 2.174596258956569
128.004156121940866 1.628531398928345
128.594559360875508 1.540810655112878
128.688248732620707 1.132385972494063
128.635952183141342 0.258485826006194
128.120169712436109 0.356412665199286
127.968034295768859 -0.252077325037519
128.379998813999691 -0.7800037573313
128.100015903842291 -0.899996433113031
127.696474644075067 -0.266598402511534
127.399490187693686 1.011721503092545
127.600511509309058 1.810690822757195
127.932377557487484 2.174596258956569

122.927566766451804 0.875192368977409
124.077522414242878 0.917101955566125
125.065989211121803 1.64325918213153
125.240500522971502 1.419836127117605
124.437035353697397 0.427881171058957
123.685504998876695 0.235593166500891
122.723083123872868 0.431136786293337
121.056724888189109 0.381217352699394
120.183083123862716 0.237246812334234
120.040869582195484 -0.519657891444837
120.935905389490728 -1.408905938323393
121.475820754076196 -0.95596200928513
123.340564813328456 -0.615672702643138
123.25839928598441 -1.076213067228309
122.822663608899319 -0.930950616055853
122.388529901215293 -1.516858005381117
121.508273553555512 -1.904482924002458
122.454572381684301 -3.186058444840924
122.271896193532498 -3.529500013852712
123.170962762546552 -4.683693129091701
123.162332798353802 -5.340603936385996
122.628515252778755 -5.634591159694466
122.236394484548015 -5.282933037948268
122.719569126477012 -4.464171644715826
121.738233677254357 -4.851331475446543
121.489463332201268 -4.574552504091265
121.619171177253861 -4.188477878438682
120.898181593917656 -3.602105401222794
120.972388950688782 -2.627642917494939
120.305452915529855 -2.931603692235733
120.390047235191673 -4.097579034037274
120.430716587405371 -5.528241062037793
119.796543410319487 -5.673400160345665
119.366905552244887 -5.37987802492782
119.653606398600175 -4.459417412944973
119.498835483886012 -3.494411716326532
119.078344354327044 -3.487021986508793
118.767768996252869 -2.801999200047718
119.18097374885869 -2.147103773612805
119.323393996255106 -1.353147067880464
119.82599897672587 0.154254462073482
120.035701938966298 0.566477362465761
120.885779250167616 1.30922272379685
121.666816847826965 1.013943589681091
122.927566766451804 0.875192368977409

120.295014276206885 -10.258649997603591
118.967808465654713 -9.557969252158074
119.900309686361567 -9.361340427287502
120.425755649905341 -9.665921319215798
120.775501743656747 -9.969675388227429
120.715608758630452 -10.239581394087885
120.295014276206885 -10.258649997603591

121.341668735846511 -8.536739597206072
122.007364536630433 -8.460620212440148
122.903537225436068 -8.094234307490765
122.756982863456315 -8.649807631060696
121.2544905945701 -8.933666273639957
119.924390903809581 -8.810417982623839
119.920928582846045 -8.444858900591122
120.715091994307571 -8.236964613480914
121.341668735846511 -8.536739597206072

118.260616489740443 -8.362383314653293
118.878459914222077 -8.280682875199844
119.126506789223072 -8.705824883665088
117.970401645989284 -8.906639499551304
117.277730747549015 -9.040894870645594
116.740140822416649 -9.032885023640354
117.083737420725299 -8.457157891476591
117.632024367342098 -8.449303073768228
117.900018345207755 -8.095681247594939
118.260616489740443 -8.362383314653293

108.486846144649263 -6.42198495852574
108.623478631628956 -6.777673841990705
110.539227329553285 -6.877357679881726
110.759575636845852 -6.465186455921747
112.614811232556406 -6.946035658397626
112.978768345188058 -7.594213148634594
114.478935174621142 -7.776527601760328
115.705526971501058 -8.370806573116873
114.564511346496488 -8.751816908404855
113.464733514460846 -8.348947442257405
112.559672479300971 -8.376180922075221
111.522061395312448 -8.302128594600973
110.586149530074323 -8.122604668819001
109.427667270955112 -7.740664157749762
108.693655226681329 -7.641600437046243
108.27776329959633 -7.766657403192576
106.454102004016121 -7.354899590690934
106.280624220812314 -6.924899997590252
105.365486281355516 -6.851416110871206
106.051645949327025 -5.895918877794472
107.265008579540194 -5.954985039904081
108.072091099074669 -6.345762220895224
108.486846144649263 -6.42198495852574

104.369991489684892 -1.084843031421059
104.539490187602212 -1.782371514496766
104.887892694114015 -2.340425306816705
105.622111444116968 -2.428843682468099
106.108593377712651 -3.061776625178965
105.85744591677414 -4.305524997579774
105.817655063909399 -5.85235564537242
104.710384149191441 -5.873284600450632
103.868213332130779 -5.037314955264996
102.584260695406897 -4.220258884298183
102.156173130300999 -3.614146009946801
101.399113397225065 -2.799777113459164
100.902502882900151 -2.050262139497832
100.141980828860653 -0.650347588710986
99.263739862060277 0.183141587724634
98.970011020913262 1.042882391764536
98.601351352943055 1.823506577965574
97.699597609449853 2.45318390544206
97.176942173249842 3.308790594898596
96.424016554757259 3.868859768077925
95.380876092513503 4.970782172053688
95.293026157617291 5.479820868344788
95.936862827541745 5.439513251157123
97.484882033277103 5.246320909033955
98.369169142655664 4.268370266126396
99.142558628335806 3.590349636240873
99.693997837322414 3.174328518075143
100.641433546961622 2.099381211755741
101.658012323007341 2.083697414555161
102.498271112073226 1.398700466310231
103.07684044801303 0.561361395668868
103.838396030698362 0.104541734208695
103.437645298274902 -0.711945896002902
104.010788608824043 -1.059211521004286
104.369991489684892 -1.084843031421059

120.833896112146562 12.704496161342433
120.323436313967449 13.466413479053825
121.180128208502111 13.429697373910443
121.527393833503496 13.069590155484519
121.262190382981586 12.205560207564403
120.833896112146562 12.704496161342433

122.5860889018671 9.981044826696134
122.837081333508749 10.26118276615037
122.947410516451896 10.881868394408061
123.498849725438447 10.94062449792392
123.337774285984722 10.267383938025404
124.077935825701203 11.232725531453738
123.98243777882584 10.278778591345755
123.623079868668142 9.950090643753299
123.309920688979389 9.318268744336706
122.9958313335094 9.022188625520414
122.38005496631942 9.713360907424217
122.5860889018671 9.981044826696134

126.376813592637447 8.414706325713297
126.478512811387887 7.750354112168978
126.537423944200611 7.189406439640692
126.196772902532587 6.274294338400054
125.831420526229067 7.293715318221842
125.363852166852212 6.786485297060949
125.683160841983693 6.049656887227272
125.396511672060626 5.581003322772276
124.219787632342388 6.161355495626154
123.938719517106904 6.885135606306136
124.243662144061275 7.360610459823661
123.610160760595193 7.83352732994274
123.29607140512519 7.418875637232759
122.825505812675374 7.457374579290204
122.085499302255727 6.899424139834836
121.91992801319256 7.192119452336015
122.312358840017055 8.034962063016465
122.942397902519588 8.316236883981134
123.487687616063468 8.693035590037326
123.841154412939829 8.240324204944372
124.601469761250215 8.514157619659002
124.764612257995623 8.960409450715488
125.471390822451554 8.986996975129657
125.412117954612768 9.760334784377534
126.2227144715431 9.286074327018866
126.306636997585144 8.782487494334561
126.376813592637447 8.414706325713297

109.475209588663645 18.197700913968575
108.655207961056163 18.507681993071387
108.62621748254044 19.367887885001906
109.119055617308035 19.821038519769345
110.211598748822809 20.101253973872033
110.786550734502214 20.077534491450052
111.010051304164577 19.695929877190721
110.570646600386766 19.255879218009269
110.339187860151469 18.678395087147592
109.475209588663645 18.197700913968575

121.777817824389928 24.3942735865194
121.175632358892742 22.790857245367167
120.747079705896226 21.970571397382113
120.220083449383679 22.814860948166739
120.106188592612398 23.556262722258236
120.694679803552248 24.538450832613737
121.495044386888779 25.295458889257386
121.951243931161457 24.997595933527037
121.777817824389928 24.3942735865194

141.884600864834965 39.180864569651476
140.959489373945814 38.174000962876619
140.976335890872974 37.142074286440192
140.599769728762112 36.343983466124499
140.774074334882584 35.842877102190215
140.2532792502451 35.138139756809792
138.975527785396196 34.667600002576137
137.217598911691255 34.606285915661829
135.792983026268928 33.464805202766627
135.120982700745401 33.849071153289003
135.07943484918269 34.596544908174806
133.340316196832021 34.375938218720805
132.15677086805124 33.904933376596517
130.986144647343451 33.885761420216241
132.000036248909964 33.149992377244544
131.33279015515734 31.450354519164822
130.686317987185987 31.029579169228246
130.202419875204896 31.418237616495432
130.447676222862128 32.319474595665696
129.814691603718927 32.610309556604363
129.408411493040262 33.296055813117519
130.353935174684636 33.604150702441672
130.878450962447175 34.232742824840017
131.884229364143891 34.749713853487918
132.617672967662429 35.433393052709405
134.608300815977714 35.731617743465804
135.677537876528845 35.527134100886869
136.723830601142424 37.304984239240326
137.390611607004473 36.82739065199884
138.85760216690619 37.827484646143461
139.426404657142825 38.215988064113759
140.054790073812001 39.43880748143637
139.883379347899847 40.563312486323682
140.305782505453635 41.195005194659529
141.36897342342661 41.378559882160275
141.914263136970476 39.991616115878685
141.884600864834965 39.180864569651476

144.613426548439634 43.960908718433608
145.320825230083074 44.384732977875409
145.543137241802697 43.262114162766764
144.059661899999867 42.988358262700558
143.183849725517234 41.995214748699198
141.6114909201724 42.6787905950561
141.067286411706675 41.584593817707969
139.955106235920994 41.56955597591103
139.81754357315998 42.563758856774385
140.312087030193254 43.333272610032687
141.380548944259999 43.388824774746439
141.671952345953855 44.772125352551463
141.967644891527982 45.551483466161343
143.142870314709739 44.510358384776971
143.910161981379474 44.174099839853739
144.613426548439634 43.960908718433608

8.709990675500109 40.899984442705225
9.210011834356266 41.209991360024176
9.80997521326492 40.500008856766129
9.669518670295616 39.17737641047178
9.214817742559433 39.240473334300148
8.806935662479674 38.906617743478506
8.428302443077115 39.171847032216547
8.388253208050912 40.378310858718763
8.159998406617689 40.950007229163759
8.709990675500109 40.899984442705225

8.746009148807559 42.628121853193917
9.390000848028876 43.00998484961471
9.560016310269134 42.152517808595654
9.229752231491773 41.380006822264455
8.775723097375362 41.583611965494427
8.544212680707773 42.256542466799203
8.746009148807559 42.628121853193917

12.370904168353292 56.111407375708794
12.690006137755603 55.609990953180741
12.089991082414684 54.800014553437919
11.043543328504226 55.36486379660424
10.903913608451603 55.779954738988721
12.370904168353292 56.111407375708794

-4.211494513353671 58.550845038478968
-3.005004848635309 58.635000108466286
-4.073828497728101 57.553024807355186
-3.05500179687769 57.690019029360947
-1.959280564776947 57.684799709699462
-2.219988165689443 56.870017401753486
-3.119003058271176 55.973793036515531
-2.08500932454308 55.909998480851215
-1.114991013992324 54.624986477265338
-0.430484991854172 54.464376125702202
0.184981316742039 53.325014146530968
0.46997684083172 52.92999949809191
1.68153079591471 52.73952016866405
1.559987827164207 52.099998480835978
1.050561557630942 51.806760565795742
1.449865349950244 51.289427802121793
0.550333693045587 50.765738837275947
-0.787517462558725 50.774988918656192
-2.489997524414491 50.500018622431128
-2.956273972984065 50.69687999124703
-3.617448085942442 50.228355617872744
-4.542507900399272 50.341837063185707
-5.245023159191136 49.959999904981061
-5.776566941745344 50.159677639356858
-4.30998979330198 51.210001125689189
-3.414850633142152 51.426008612669207
-4.984367234710916 51.593466091511033
-5.267295701508927 51.991400458374599
-4.222346564134966 52.301355699261251
-4.770013393564227 52.840004991255597
-4.579999152027 53.495003770555094
-3.092079637047106 53.404440822963593
-2.945008510744429 53.984999701546641
-3.630005458989359 54.615012925833014
-4.844169073903061 54.790971177786844
-5.082526617849339 55.061600653699386
-4.719112107756729 55.508472601943353
-5.047980922862223 55.783985500707487
-5.586397670911253 55.311146145236833
-5.644998745130239 56.275014960344862
-6.149980841486425 56.78500967063335
-5.786824713555276 57.818848375064576
-5.009998745127689 58.63001333275011
-4.211494513353671 58.550845038478968

-14.508695441129234 66.455892239031428
-14.739637417041607 65.808748277440301
-13.60973222497981 65.126671047619865
-14.909833746794902 64.364081936288684
-17.794438035543422 63.678749091233854
-18.656245896874992 63.49638296167582
-19.97275468594276 63.643634955491528
-22.762971971110158 63.960178941495386
-21.778484259517683 64.402115790455511
-23.955043911219111 64.891129869233495
-22.184402635170358 65.084968166760305
-22.227423265053332 65.378593655042735
-24.326184047939336 65.611189276788465
-23.650514695723089 66.262519029395222
-22.134922451250887 66.41046865504687
-20.57628373867955 65.732112128351432
-19.05684160000159 66.276626695410911
-17.798623826559052 65.993853257909777
-16.167818976292125 66.526818142352013
-14.508695441129234 66.455892239031428

142.914615513276544 53.704577541714784
143.260847609632094 52.740760403039062
143.235267775647628 51.756660264688762
143.648007440362846 50.747600409541505
144.65414757708561 48.976390692737539
143.173927850517202 49.306551418650315
142.558668247650132 47.861575018904951
143.533492466404027 46.836728013692522
143.505277134372648 46.137907619809525
142.747700636973832 46.740764878926512
142.092030064054541 45.966755276058834
141.906925083585008 46.805928860046563
142.018442824470867 47.780132961612964
141.904444614835029 48.85918854429957
142.135800002205713 49.615163072297392
142.179983351815281 50.952342434281903
141.594075962490024 51.9354348822025
141.682546014573688 53.301966457728795
142.606934035410745 53.762145087287934
142.209748976815433 54.225475979216874
142.654786411713019 54.365880845753892
142.914615513276544 53.704577541714784

118.504580926590364 9.316382554558047
117.174274530100661 8.367499904814679
117.664477166821371 9.066888739452892
118.38691369026175 9.684499619989211
118.98734215706105 10.376292019080523
119.511496209797514 11.3696680770272
119.689676548339889 10.554291490109875
119.029458449378922 10.003653265823829
118.504580926590364 9.316382554558047

122.336956821787993 18.224882717354106
122.174279412933174 17.810282701076403
122.515653924653293 17.093504746971973
122.252310825693925 16.262444362854069
121.662786086108213 15.931017564350142
121.505017938321117 15.124813544164622
121.728828566577207 14.328376369682275
122.258925409027256 14.218202216035991
122.701275669445693 14.336541245984378
123.950295037940293 13.782130642141027
123.85510704965867 13.237771104378425
124.18128869028493 12.997527370653501
124.077419061378293 12.536676947474575
123.298035109552245 13.02752553959894
122.928651971529945 13.552919826710422
122.671355015148706 13.185836289925092
122.034649692880521 13.784481919810304
121.126384718918573 13.636687323455547
120.62863732308324 13.857655747935596
120.679383579593861 14.271015529838294
120.991819289230534 14.52539276779504
120.693336216312673 14.756670640517312
120.56414513558299 14.396279201713796
120.070428501466438 14.970869452367126
119.920928582846045 15.406346747290739
119.88377322802819 16.363704331929995
120.286435988446442 16.034628811095345
120.390047235191673 17.599081122299523
120.715867140791914 18.505227362537525
121.321308221523509 18.504064642810945
121.937601353036399 18.218552354398355
122.246006300954292 18.478975734933243
122.336956821787993 18.224882717354106

122.038370396005547 11.415840969279998
121.883547804859091 11.891755072471994
122.483821242361486 11.582213243043682
123.120216506035945 11.583660183147856
123.100837843926456 11.16593374271649
122.637713657726692 10.74130849857417
122.002610304859573 10.441016750526089
121.967366978036523 10.905691229694625
122.038370396005547 11.415840969279998

125.502551711123544 12.162694606978292
125.783413120629916 11.046147772663929
125.01188398651226 11.311454576050409
125.032761265158172 10.975816148314692
125.277449172060187 10.358722032101284
124.801819289245771 10.134678859899864
124.760168084818531 10.837995103392258
124.459101190286049 10.889929917845592
124.302521600441708 11.495370998577187
124.891012811381529 11.415582587118536
124.877990350444009 11.794189968304947
124.266761509295691 12.557760931849671
125.227116327007877 12.53572093347718
125.502551711123544 12.162694606978292

-77.353360765273862 8.67050466555807
-76.836673957003569 8.638749497914716
-76.086383836557857 9.336820583529487
-75.674600185840063 9.443248195834599
-75.664704149056178 9.774003200718738
-75.480425991503353 10.618990383339309
-74.906895107711989 11.083044745320322
-74.276752692344886 11.102035834187587
-74.197222663047697 11.310472723836867
-73.414763963500292 11.22701528568548
-72.627835252559635 11.731971543825523
-72.238194953078917 11.955549628136326
-71.754090135368642 12.437303168177309
-71.399822353791706 12.376040757695293
-71.13746110704588 12.112981879113505
-71.331583624950298 11.776284084515808
-71.360005662710819 11.539993597861212
-71.947049933546509 11.423282375530022
-71.620868292920193 10.969459947142795
-71.633063930941091 10.446494452349029
-72.074173956984509 9.865651353388373
-71.695644090446535 9.072263088411248
-71.264559292267734 9.137220363802129
-71.03999935574339 9.859992784052409
-71.350083787710787 10.211935126176215
-71.400623338492238 10.968969021036015
-70.155298834906517 11.375481675660041
-70.29384334988103 11.846822414594214
-69.943244594996827 12.162307033736099
-69.584300096297468 11.459610907431212
-68.882999233664449 11.443384507691563
-68.23327145045873 10.885744126829946
-68.194126552997631 10.554653225135922
-67.296248541926332 10.54586823164631
-66.227864142507997 10.648626817258688
-65.655237596281751 10.200798855017323
-64.89045223657817 10.077214667191299
-64.329478725833738 10.38959870039568
-64.318006557864948 10.64141795495398
-63.079322475828732 10.7017243514386
-61.880946010980196 10.715625311725104
-62.730118984616411 10.420268662960906
-62.388511928950976 9.94820445397464
-61.58876746280194 9.873066921422264
-60.830596686431718 9.381339829948942
-60.671252407459733 8.580174261911878
-60.15009558779618 8.602756862823426
-59.758284878159195 8.367034816924047
-59.101684129458661 7.999201971870492
-58.482962205628063 7.347691351750697
-58.454876064677421 6.832787380394464
-58.078103196837375 6.809093736188643
-57.542218593970645 6.321268215353356
-57.147436489476888 5.973149929219161
-55.9493184067898 5.772877915872002
-55.841779751190415 5.95312531170606
-55.033250291551774 6.025291449401664
-53.958044603070903 5.756548163267765
-53.618452928264844 5.646529038918374
-52.882141282754091 5.409850979021584
-51.823342861525902 4.565768133966131
-51.657797410678889 4.156232408053029
-51.299989793489956 4.120007229016437
-51.069771287629656 3.650397650564031
-50.508875291533656 1.901563828942457
-49.974075893745059 1.736483465986069
-49.947100796088712 1.046189683431223
-50.699251268096916 0.222984117021682
-50.388210822132137 -0.078444512536819
-48.62056677915632 -0.235489190271821
-48.584496629416591 -1.237805271005001
-47.824956427590635 -0.5816179337628
-46.566583624851226 -0.941027520352776
-44.905703090990414 -1.551739597178134
-44.417619187993665 -2.137750339367976
-44.581588507655781 -2.691308282078524
-43.418791266440195 -2.383110039889793
-41.472656826328247 -2.912018324397116
-39.978665330554037 -2.873054294449041
-38.500383470196567 -3.700652357603396
-37.2232521225352 -4.820945733258917
-36.452937384576387 -5.109403578312154
-35.597795783010469 -5.149504489770649
-35.23538896334756 -5.464937432480247
-34.896029832486832 -6.738193047719711
-34.729993455533034 -7.343220716992967
-35.128212042774223 -8.996401462442286
-35.636966518687714 -9.649281508017815
-37.046518724096998 -11.040721123908803
-37.683611619607362 -12.171194756725823
-38.423876512188443 -13.038118584854288
-38.673887091616521 -13.057652276260619
-38.953275722802545 -13.793369642800023
-38.882298143049653 -15.667053724838768
-39.161092495264313 -17.208406670808472
-39.267339240056401 -17.867746270420483
-39.583521491034233 -18.262295830968938
-39.760823330227637 -19.599113457927409
-40.774740770010339 -20.904511814052423
-40.944756232250612 -21.937316989837811
-41.754164191238225 -22.370675551037458
-41.98828426773656 -22.970070489190896
-43.074703742024752 -22.967693373305469
-44.647811855637812 -23.351959323827842
-45.352135789559917 -23.796841729428582
-46.472093268405537 -24.088968601174543
-47.648972337420659 -24.885199069927722
-48.495458136577703 -25.877024834905654
-48.64100480812774 -26.62364592865864
-48.474735887228654 -27.175911960561891
-48.661520351747626 -28.18613453543572
-48.8884574041574 -28.674115085567884
-49.587329474472675 -29.224469089476337
-50.696874152211485 -30.98446502047296
-51.576226162306156 -31.777698256153212
-52.256081305538046 -32.24536996839467
-52.712099982297694 -33.196578057591182
-53.373661668498244 -33.768377780900764
-53.806425950726535 -34.396814874002231
-54.93586605489773 -34.952646579733624
-55.674089728403288 -34.752658786764073
-56.215297003796067 -34.859835707337417
-57.139685024633103 -34.430456231424245
-57.81786068381551 -34.462547295877499
-58.427074144104388 -33.909454441057576
-58.495442064026548 -34.431489760070079
-57.225829637263658 -35.288026625307879
-57.36235877137878 -35.977390232081476
-56.737487352105447 -36.413125909166553
-56.78828528504836 -36.901571547189334
-57.749156867083457 -38.183870538079887
-59.231857062401893 -38.720168552404942
-61.237445237865643 -38.928424574541197
-62.335956997310127 -38.827707208004334
-62.125763108962936 -39.424104913084847
-62.330530971919494 -40.172586358400338
-62.145994432205214 -40.676896661136723
-62.745802781816984 -41.028761488612098
-63.77049475773255 -41.166789239263693
-64.732089809819726 -40.802677097335149
-65.118035244391578 -41.064314874028909
-64.978560553635816 -42.05800099056934
-64.303407965742494 -42.359016208669509
-63.755947842042389 -42.043686618824495
-63.458059048095876 -42.563138116222405
-64.378803880456331 -42.873558444999688
-65.181803961839748 -43.495380954767796
-65.328823411710133 -44.501366062193696
-65.565268927661606 -45.036785577169795
-66.509965786389344 -45.039627780945857
-67.29379391139247 -45.55189625425519
-67.580546434180079 -46.30177296324257
-66.597066413017288 -47.033872979521526
-65.64102657740149 -47.23613453551193
-65.985088263600787 -48.133289076531135
-67.166178961847692 -48.697337334996945
-67.816087612566434 -49.869668877970383
-68.728745083273211 -50.264166762086539
-69.138539191347775 -50.732510267947795
-68.81556148952356 -51.77110320414986
-68.149994879820383 -52.349982598683425
-68.571545376241332 -52.299443047901974
-69.461284349226673 -52.291949965219658
-69.942779507106195 -52.53792978292897
-70.8451016913546 -52.899199721081459
-71.006332160105245 -53.833251234757071
-71.429794684520999 -53.856453952856121
-72.557942877884884 -53.531409193740238
-73.702756720662904 -52.835069268607235
-74.946763475225168 -52.262752780974751
-75.260026007778507 -51.629354750373253
-74.976632453089877 -51.043395684615703
-75.479754197883551 -50.378371677451582
-75.608015102831985 -48.673772881871841
-75.182769741502156 -47.711919447623202
-74.126580980104706 -46.939253431995112
-75.644395311165454 -46.647643324572073
-74.692153693323121 -45.763976332381027
-74.351709357384252 -44.103044122087937
-73.24035600451522 -44.454960625995604
-72.717803921179794 -42.383355808278978
-73.388899909138217 -42.117532240569574
-73.701335618774877 -43.365776462579774
-74.331943122032612 -43.224958184584423
-74.017957119427194 -41.794812920906828
-73.677099372029986 -39.942212823243167
-73.217592536090649 -39.258688653318558
-73.505559455037115 -38.282882582351114
-73.58806087919109 -37.156284681955981
-73.166717088499297 -37.123780206044387
-72.553136969681745 -35.508840020491057
-71.861732143832626 -33.909092706031529
-71.438450486929895 -32.418899428030777
-71.668720669222466 -30.920644626592495
-71.370082567007728 -30.095682061485029
-71.48989437527645 -28.861442152625923
-70.905123867461612 -27.640379734001247
-70.724953986275992 -25.705924167587256
-70.403965827095021 -23.628996677344574
-70.091245897080739 -21.393319187101259
-70.164419725206045 -19.756468194256165
-70.372572394477714 -18.347975355708869
-71.375250210236928 -17.773746840081571
-71.462040778271131 -17.363487644116383
-73.444529588500416 -16.359362888252996
-75.237882656541444 -15.265682875227782
-76.009205084929945 -14.649286390850321
-76.423469204397747 -13.823186944232432
-76.25924150257417 -13.535039157772943
-77.106192389621839 -12.22271615972082
-78.092152879534638 -10.377712497604065
-79.036953091126946 -8.386567884965892
-79.445920376284846 -7.93083342858386
-79.760578172510051 -7.194340915560084
-80.537481655586078 -6.541667575713717
-81.249996304026425 -6.136834405139183
-80.926346808582437 -5.690556735866565
-81.410942552399462 -4.736764825055459
-81.099669562489368 -4.036394138203697
-80.302560594387216 -3.404856459164713
-79.770293341780928 -2.65751189535964
-79.986559210922422 -2.220794366061014
-80.368783942369248 -2.685158786635788
-80.967765469064361 -2.246942640800704
-80.764806281238037 -1.965047702648533
-80.933659023751716 -1.057454522306358
-80.583370327461267 -0.906662692878683
-80.399324713853758 -0.283703301600141
-80.020898200180369 0.360340074053468
-80.090609707342111 0.768428859862397
-79.542762010399798 0.982937730305963
-78.855258755188714 1.380923773601822
-78.99093522817104 1.691369940595251
-78.617831387023713 1.766404120283056
-78.662118089497852 2.267355454920477
-78.427610439757331 2.629555568854215
-77.931542527971487 2.696605739752926
-77.51043128122501 3.325016994638247
-77.1